-181 28 219 0.11586403846740723
-181 28 219 0.1160588264465332
-10 -46 -34 0.1162419319152832
-10 -46 -34 0.11639189720153809
-63 -244 201 0.23949599266052246
-63 -244 201 0.2396249771118164
-3 -229 201 0.23976922035217285
-3 -229 201 0.23990392684936523
-92 -38 -42 0.24001312255859375
-92 -38 -42 0.33814096450805664
-53 -37 -63 0.33827996253967285
-53 -37 -63 0.33849406242370605
-92 -193 159 0.33862924575805664
-92 -193 159 0.33880090713500977
-249 223 -97 0.4260530471801758
-249 223 -97 0.4261660575866699
-72 -176 199 0.42627501487731934
-72 -176 199 0.42647695541381836
-3 -243 219 0.4463639259338379
-3 -243 219 0.5395090579986572
-169 21 202 0.5396230220794678
-169 21 202 0.5397570133209229
202 -1 -252 0.5398750305175781
202 -1 -252 0.5593900680541992
5 69 7 0.7189481258392334
5 69 7 0.7190389633178711
-121 -201 181 0.7191579341888428
-121 -201 181 0.7192771434783936
-200 237 -39 0.7193889617919922
-200 237 -39 0.7865350246429443
-26 -9 -48 0.786639928817749
-26 -9 -48 0.7867410182952881
-226 198 -28 0.786851167678833
-226 198 -28 0.7869629859924316
-219 40 253 0.8620531558990479
-219 40 253 0.8621690273284912
-37 -253 187 0.8622851371765137
-37 -253 187 0.8733351230621338
175 -2 -253 0.896327018737793
175 -2 -253 0.9951081275939941
-45 -149 182 0.9952261447906494
-45 -149 182 0.9953410625457764
-64 -219 239 0.9954559803009033
-64 -219 239 1.013350009918213
-248 77 242 1.0897331237792969
-248 77 242 1.0898449420928955
-3 -157 222 1.0899572372436523
-3 -157 222 1.1043100357055664
210 -4 -241 1.1273250579833984
210 -4 -241 1.202341079711914
55 11 31 1.2024409770965576
55 11 31 1.20253586769104
5 237 -233 1.2103080749511719
5 237 -233 1.2313129901885986
-10 -37 -16 1.3047411441802979
-10 -37 -16 1.3048908710479736
-32 -191 225 1.3050081729888916
-32 -191 225 1.3243751525878906
-17 -12 -76 1.3474440574645996
-17 -12 -76 1.4240708351135254
-64 -175 167 1.4241888523101807
-64 -175 167 1.4243099689483643
-246 236 -56 1.4403431415557861
-246 236 -56 1.4643290042877197
-44 -37 -19 1.5383920669555664
-44 -37 -19 1.538503885269165
-83 -201 212 1.5386149883270264
-83 -201 212 1.5563468933105469
-34 -213 222 1.5803179740905762
-34 -213 222 1.666245937347412
-12 -221 216 1.6663658618927002
-12 -221 216 1.6664819717407227
-58 -204 203 1.6753230094909668
-58 -204 203 1.6983401775360107
-252 239 -64 1.7814640998840332
-252 239 -64 1.7815849781036377
-52 -251 181 1.7817018032073975
-52 -251 181 1.7933151721954346
-251 100 207 1.8173229694366455
-251 100 207 1.8972339630126953
-105 -187 205 1.8973581790924072
-105 -187 205 1.8974788188934326
-203 22 199 1.9122989177703857
-203 22 199 1.9353079795837402
249 -244 4 2.032741069793701
249 -244 4 2.0328598022460938
-21 -187 169 2.032977819442749
-21 -187 169 2.0331058502197266
-35 -225 167 2.0493249893188477
-35 -225 167 2.1309471130371094
-3 -239 208 2.131067991256714
-3 -239 208 2.1311800479888916
-201 236 -29 2.1413140296936035
-201 236 -29 2.165313959121704
-68 -217 132 2.2316150665283203
-68 -217 132 2.2317299842834473
-46 -256 144 2.2365219593048096
-46 -256 144 2.260418176651001
12 18 2 2.278550148010254
12 18 2 2.3678348064422607
-35 -230 208 2.3679511547088623
-35 -230 208 2.3680639266967773
-47 -196 214 2.3684489727020264
-47 -196 214 2.3915231227874756
-108 -256 151 2.455781936645508
-108 -256 151 2.455899953842163
-61 -4 -2 2.461337089538574
-61 -4 -2 2.48256516456604
-26 -4 -46 2.5035250186920166
-26 -4 -46 2.5709710121154785
-71 -163 228 2.571084976196289
-71 -163 228 2.5725460052490234
-218 26 192 2.595574140548706
-218 26 192 2.618565082550049
-40 -219 163 2.6890151500701904
-40 -219 163 2.6891300678253174
-57 -62 -139 2.689284086227417
-57 -62 -139 2.7125298976898193
-24 -255 145 2.7365360260009766
-24 -255 145 2.8039190769195557
-9 -8 -36 2.804018974304199
-9 -8 -36 2.804115056991577
-204 21 203 2.8235130310058594
-204 21 203 2.8465652465820312
-125 -54 -77 2.9146628379821777
-125 -54 -77 2.9147789478302
-102 406 144 2.917539119720459
-102 406 144 2.940598964691162
-198 -167 928 2.9655680656433105
-198 -167 928 3.036769151687622
114 -10 2377 3.0368828773498535
114 -10 2377 3.037523031234741
329 -640 4652 3.062588930130005
329 -640 4652 3.0865650177001953
-159 -942 1153 3.1556169986724854
-159 -942 1153 3.1557400226593018
-1120 -3059 3803 3.1665761470794678
-1120 -3059 3803 3.1935501098632812
4545 -12481 8075 3.2215709686279297
4545 -12481 8075 3.2919108867645264
17444 10007 -3319 3.2920479774475098
17444 10007 -3319 3.306533098220825
13988 -8553 -2411 3.335537910461426
13988 -8553 -2411 3.364588975906372
32520 5005 -7184 3.4342310428619385
32520 5005 -7184 3.4344069957733154
30126 -12002 -10363 3.4505269527435303
30126 -12002 -10363 3.4815499782562256
17174 -17184 -3535 3.511569023132324
17174 -17184 -3535 3.5825750827789307
10539 -7321 -779 3.5827059745788574
10539 -7321 -779 3.5963399410247803
9840 -12140 -2600 3.625601053237915
9840 -12140 -2600 3.6546339988708496
7471 -4451 -146 3.7246949672698975
7471 -4451 -146 3.724825143814087
2403 -2279 -690 3.7345359325408936
2403 -2279 -690 3.761559009552002
2071 -701 467 3.786586046218872
2071 -701 467 3.860071897506714
2665 -642 -227 3.8601999282836914
2665 -642 -227 3.8624279499053955
1051 -996 -513 3.887305974960327
1051 -996 -513 3.9135470390319824
752 1567 -1609 3.9836108684539795
752 1567 -1609 3.9837381839752197
551 -259 -955 3.9894559383392334
551 -259 -955 4.014588832855225
846 -1213 -568 4.039468050003052
846 -1213 -568 4.107558965682983
438 -129 -317 4.107676029205322
438 -129 -317 4.1154749393463135
101 6105 -850 4.139413118362427
101 6105 -850 4.1644511222839355
-3224 31817 2197 4.233937978744507
-3224 31817 2197 4.234071969985962
-13328 32542 -7756 4.249529123306274
-13328 32542 -7756 4.279554128646851
4080 32748 -16525 4.30848503112793
4080 32748 -16525 4.380533933639526
2747 28692 1201 4.380666017532349
2747 28692 1201 4.3905651569366455
-756 15948 1830 4.4175848960876465
-756 15948 1830 4.444620132446289
-4426 -7604 716 4.52069878578186
-4426 -7604 716 4.520829916000366
-3024 -32707 -1494 4.527472972869873
-3024 -32707 -1494 4.557582139968872
1072 -32587 6706 4.584592819213867
1072 -32587 6706 4.655526876449585
19504 -32535 12164 4.655671119689941
19504 -32535 12164 4.672595024108887
-3792 -32674 10058 4.7025229930877686
-3792 -32674 10058 4.732620000839233
475 -17832 3634 4.803870916366577
475 -17832 3634 4.803998947143555
-2430 -6585 1268 4.813547134399414
-2430 -6585 1268 4.841623067855835
-2543 -3048 -246 4.868351936340332
-2543 -3048 -246 4.937486171722412
-1842 596 -290 4.937609910964966
-1842 596 -290 4.947581052780151
-2202 1932 -668 4.974455118179321
-2202 1932 -668 5.00159215927124
-1583 15931 -4116 5.0754899978637695
-1583 15931 -4116 5.075627088546753
-528 32537 -4383 5.086549997329712
-528 32537 -4383 5.114599943161011
2544 32679 -4460 5.142597913742065
2544 32679 -4460 5.21538782119751
583 -2882 -651 5.215512990951538
583 -2882 -651 5.2215659618377686
-5873 -3679 -867 5.249439001083374
-5873 -3679 -867 5.277611017227173
-32636 3210 9474 5.348997116088867
-32636 3210 9474 5.349134206771851
-32645 4513 14336 5.361479997634888
-32645 4513 14336 5.390635013580322
-32624 17907 14336 5.419589042663574
-32624 17907 14336 5.516388177871704
-29527 -3824 21033 5.516528844833374
-29527 -3824 21033 5.5166661739349365
-4779 17625 12948 5.538558006286621
-4779 17625 12948 5.56758189201355
13121 7591 5326 5.638686895370483
13121 7591 5326 5.638818025588989
28919 -6520 -2816 5.649460077285767
28919 -6520 -2816 5.677584886550903
32705 -13288 -272 5.70660400390625
32705 -13288 -272 5.778853893280029
32564 -14836 -1296 5.778995990753174
32564 -14836 -1296 5.795415163040161
32688 -18930 11504 5.824557065963745
32688 -18930 11504 5.8545238971710205
-3716 5385 -1785 5.924617052078247
-3716 5385 -1785 5.924749135971069
5930 4357 -729 5.935577154159546
5930 4357 -729 5.961551904678345
-8229 -10159 2355 5.990612983703613
-8229 -10159 2355 6.062391996383667
1153 1384 710 6.0625810623168945
1153 1384 710 6.068367004394531
-1654 -8831 2538 6.096640110015869
-1654 -8831 2538 6.123595952987671
-2751 -3963 84 6.1967549324035645
-2751 -3963 84 6.19687819480896
376 -102 -965 6.200558185577393
376 -102 -965 6.224560260772705
-3499 -3796 193 6.251549005508423
-3499 -3796 193 6.319005966186523
-596 -26 -915 6.319124937057495
-596 -26 -915 6.327542066574097
-872 368 -766 6.352610111236572
-872 368 -766 6.376605987548828
-988 -1312 -419 6.451206922531128
-988 -1312 -419 6.45133113861084
-242 1246 -141 6.455546855926514
-242 1246 -141 6.481565952301025
-1016 -351 -320 6.508626937866211
-1016 -351 -320 6.581248998641968
-656 1799 351 6.581366062164307
-656 1799 351 6.584561824798584
-248 -1138 38 6.609562873840332
-248 -1138 38 6.633594989776611
-401 103 -293 6.702287912368774
-401 103 -293 6.702479839324951
-307 -1017 376 6.708485841751099
-307 -1017 376 6.734602928161621
-350 579 -303 6.7596001625061035
-350 579 -303 6.832672119140625
-350 -514 -163 6.832797050476074
-350 -514 -163 6.835551023483276
-577 -280 -708 6.860595941543579
-577 -280 -708 6.886372089385986
-20 453 -1061 6.954311847686768
-20 453 -1061 6.954432010650635
-52 -927 298 6.959546089172363
-52 -927 298 6.9833879470825195
-56 -633 -895 7.008632183074951
-56 -633 -895 7.080933094024658
-682 2010 -2121 7.081061840057373
-682 2010 -2121 7.086595058441162
-868 135 -1104 7.111578941345215
-868 135 -1104 7.137553930282593
-69 -602 329 7.209304094314575
-69 -602 329 7.209539175033569
-412 407 -1267 7.2105700969696045
-412 407 -1267 7.236376047134399
-1584 -1716 -490 7.264596939086914
-1584 -1716 -490 7.33411717414856
-2033 668 -2805 7.334246873855591
-2033 668 -2805 7.345566034317017
-2804 78 -432 7.370615005493164
-2804 78 -432 7.394620895385742
-1688 -144 1870 7.467717885971069
-1688 -144 1870 7.467846870422363
-2718 -2845 14574 7.476475954055786
-2718 -2845 14574 7.505619049072266
6437 -9776 32560 7.533608913421631
9387 -13872 32665 7.6074910163879395
9387 -13872 32665 7.607632875442505
4655 6096 32574 7.617557048797607
4655 6096 32574 7.644654035568237
-2068 -677 19693 7.672600984573364
-2068 -677 19693 7.74414587020874
-1449 -1141 3952 7.744280099868774
-1449 -1141 3952 7.755557060241699
-608 1268 -17568 7.78356409072876
-608 1268 -17568 7.811594009399414
-5483 7936 -32538 7.881531000137329
-5483 7936 -32538 7.8816750049591064
-11625 6400 -32743 7.898467063903809
-11625 6400 -32743 7.928597927093506
-7299 18944 -32623 7.958629846572876
-7299 18944 -32623 8.03394103050232
-745 7742 -32055 8.034074068069458
-745 7742 -32055 8.043567180633545
-1885 4419 -13097 8.07263994216919
-1885 4419 -13097 8.101616859436035
3278 -3503 10143 8.174095869064331
3278 -3503 10143 8.17422890663147
9712 -11931 30461 8.18556809425354
9712 -11931 30461 8.214607000350952
7801 -4400 32518 8.241594791412354
7801 -4400 32518 8.310867071151733
9713 -3888 32566 8.311000108718872
9713 -3888 32566 8.325429916381836
7322 -2352 32549 8.353654146194458
7322 -2352 32549 8.380604028701782
892 10793 24879 8.452105045318604
892 10793 24879 8.452234983444214
-1566 158 9620 8.459589958190918
-1566 158 9620 8.485481023788452
-3295 637 -1719 8.512605905532837
-3295 637 -1719 8.604491949081421
187 4747 -16954 8.604621171951294
187 4747 -16954 8.604746103286743
2410 8448 -32743 8.620630979537964
2410 8448 -32743 8.648639917373657
2977 2304 -32648 8.720409154891968
2977 2304 -32648 8.720541954040527
-8012 15104 -32577 8.73356294631958
-8012 15104 -32577 8.763575077056885
418 -5238 -13328 8.79147219657898
418 -5238 -13328 8.859731912612915
-1748 2756 -1549 8.859865188598633
-1748 2756 -1549 8.874583005905151
-2179 126 6482 8.900377035140991
-2179 126 6482 8.925599098205566
-14870 9744 16643 8.997688055038452
-14870 9744 16643 8.997879981994629
-16207 -4891 19086 9.013602018356323
-16207 -4891 19086 9.04259991645813
-24512 8253 10978 9.071621894836426
-24512 8253 10978 9.144614934921265
-14286 14401 -3064 9.144758939743042
-14286 14401 -3064 9.160583972930908
-11990 6305 -3619 9.188453197479248
-11990 6305 -3619 9.217586994171143
-11881 -2437 -9321 9.287610054016113
-11881 -2437 -9321 9.287755012512207
-8900 -4360 -4712 9.306571960449219
-8900 -4360 -4712 9.334603071212769
-6743 -11371 -1620 9.364486932754517
-6743 -11371 -1620 9.434266805648804
-10185 -4916 -900 9.43440580368042
-10185 -4916 -900 9.452446937561035
-11133 1576 495 9.478640079498291
-11133 1576 495 9.505488872528076
-7223 -9228 2228 9.576271772384644
-7223 -9228 2228 9.576411008834839
-2064 1762 -226 9.587589979171753
-2064 1762 -226 9.614686012268066
-6669 -4565 -985 9.6426420211792
-6669 -4565 -985 9.715066909790039
-587 -5635 -807 9.71519684791565
-587 -5635 -807 9.72357702255249
-5088 1704 -2691 9.75158405303955
-5231 -2987 -153 9.778623104095459
-5231 -2987 -153 9.84873914718628
-1056 -1787 -572 9.848871946334839
-1056 -1787 -572 9.862602949142456
3245 -4713 -129 9.888450145721436
3245 -4713 -129 9.915632963180542
2078 229 -494 9.990567922592163
2078 229 -494 9.99068808555603
-2046 -1116 -181 9.99264907836914
-2046 -1116 -181 10.020486831665039
-183 1630 228 10.045632123947144
-183 1630 228 10.120077133178711
-50 9814 242 10.120195150375366
-50 9814 242 10.120310068130493
232 409 -96 10.13946008682251
232 409 -96 10.16264295578003
-216 250 -31 10.23464298248291
-216 250 -31 10.234758853912354
-112 -44 -65 10.234869956970215
-112 -44 -65 10.256594896316528
65 30 47 10.276523113250732
65 30 47 10.344851016998291
-30 -217 203 10.344965934753418
-30 -217 203 10.345083951950073
-68 -47 -59 10.365442991256714
-68 -47 -59 10.388525009155273
-53 -13 -135 10.460329055786133
-53 -13 -135 10.460448980331421
-25 -217 224 10.460561990737915
-25 -217 224 10.48262906074524
-56 -39 -60 10.505619049072266
-56 -39 -60 10.575335025787354
-239 54 254 10.575462818145752
-239 54 254 10.575568914413452
219 -232 5 10.594640970230103
219 -232 5 10.616665124893188
-238 52 235 10.688682079315186
-238 52 235 10.688793182373047
-97 -221 207 10.688905954360962
-97 -221 207 10.70961618423462
-28 -224 210 10.732633113861084
-28 -224 210 10.80129599571228
-109 34 219 10.801414966583252
-109 34 219 10.801522970199585
-50 -250 202 10.825611114501953
-50 -250 202 10.848690032958984
-73 -244 249 10.921086072921753
-73 -244 249 10.921200037002563
-13 -159 158 10.92130994796753
-13 -159 158 10.943672180175781
-82 243 -57 10.965658903121948
-82 243 -57 11.041513919830322
-40 -7 -39 11.041621923446655
-40 -7 -39 11.041725873947144
-46 -239 253 11.05558705329895
-46 -239 253 11.07863187789917
56 250 -226 11.147395133972168
56 250 -226 11.147509098052979
-37 -5 -26 11.147610902786255
-37 -5 -26 11.167464971542358
64 -34 -253 11.189478874206543
64 -34 -253 11.257171869277954
-21 -191 182 11.257326126098633
-21 -191 182 11.259635925292969
-17 -235 253 11.283586025238037
-17 -235 253 11.307599782943726
-41 -253 139 11.375627040863037
-41 -253 139 11.375744104385376
-69 -20 -11 11.377602100372314
-69 -20 -11 11.3994140625
-74 -210 145 11.42340898513794
-74 -210 145 11.53218698501587
-35 -186 241 11.532317876815796
-35 -186 241 11.53244400024414
-22 -227 211 11.532594919204712
-22 -227 211 11.54142689704895
-49 -244 197 11.64876389503479
-49 -244 197 11.648986101150513
-243 42 227 11.649134159088135
-243 42 227 11.649262189865112
-250 222 -39 11.657418012619019
-250 222 -39 11.74781584739685
-72 -177 239 11.747978925704956
-72 -177 239 11.748096942901611
-233 62 205 11.75146198272705
-233 62 205 11.773414850234985
-26 -203 187 11.85014820098877
-26 -203 187 11.850261926651001
-12 -83 -70 11.850389957427979
-12 -83 -70 11.866426229476929
-247 108 205 11.890406847000122
-247 108 205 11.959192037582397
-93 -229 207 11.959312915802002
-93 -229 207 11.961655139923096
-223 231 -106 11.985450983047485
-223 231 -106 12.010626077651978
-112 -232 188 12.080904006958008
-112 -232 188 12.081029176712036
-61 -186 191 12.083434104919434
-61 -186 191 12.107420921325684
-22 -194 200 12.130409955978394
-22 -194 200 12.197195053100586
-204 232 -43 12.197309017181396
-204 232 -43 12.201503038406372
-3 -50 -18 12.223413944244385
-3 -50 -18 12.244420051574707
-103 -29 -37 12.32768201828003
-103 -29 -37 12.327800989151001
-33 -61 -61 12.3279550075531
-33 -61 -61 12.337415933609009
-250 5 212 12.359414100646973
-250 5 212 12.431055068969727
-61 -54 -39 12.431164026260376
-61 -54 -39 12.43126916885376
-39 -37 -62 12.448446989059448
-39 -37 -62 12.471457958221436
-248 15 196 12.540533065795898
-248 15 196 12.540651082992554
-75 -216 222 12.540773868560791
-75 -216 222 12.563407182693481
-55 -3 -33 12.585424900054932
-55 -3 -33 12.664819955825806
-33 -233 221 12.66494107246399
-33 -233 221 12.6650710105896
-32 -5 -16 12.675441026687622
-32 -5 -16 12.697420120239258
-122 -25 -14 12.776634931564331
-122 -25 -14 12.77674913406372
-77 -178 248 12.776858806610107
-77 -178 248 12.792494058609009
-43 -194 174 12.815468072891235
-43 -194 174 12.888155937194824
-28 2 183 12.888260126113892
-28 2 183 12.888360977172852
-83 -245 201 12.904397010803223
-83 -245 201 12.927418947219849
222 -28 -230 13.000813007354736
222 -28 -230 13.000929117202759
-10 -184 209 13.001041889190674
-10 -184 209 13.022440910339355
-222 232 -61 13.046446084976196
-222 232 -61 13.121158838272095
-111 -236 217 13.121279954910278
-111 -236 217 13.121408939361572
-247 16 249 13.141605138778687
-247 16 249 13.16447901725769
-122 -43 -21 13.234453916549683
-122 -43 -21 13.234567880630493
-46 -218 185 13.235631227493286
-46 -218 185 13.259497880935669
-10 -47 -56 13.2816481590271
-10 -47 -56 13.353057146072388
-143 -139 195 13.353178024291992
-143 -139 195 13.353569030761719
-46 -23 -27 13.376429080963135
-46 -23 -27 13.398442029953003
-93 -18 -58 13.474308013916016
-93 -18 -58 13.474420070648193
-49 -230 238 13.47453498840332
-49 -230 238 13.491458177566528
-229 249 -81 13.515442848205566
-229 249 -81 13.593239068984985
191 -173 5 13.59334921836853
191 -173 5 13.593523025512695
-67 -204 206 13.605439901351929
-67 -204 206 13.62943696975708
-203 -207 180 13.703946113586426
-203 -207 180 13.70406985282898
-254 6 193 13.704176902770996
-254 6 193 13.721438884735107
-12 -245 249 13.74542498588562
-12 -245 249 13.819760084152222
-69 -223 215 13.819918155670166
-69 -223 215 13.82007908821106
-84 -174 190 13.84042501449585
-84 -174 190 13.86342716217041
-46 -169 205 13.936213970184326
-46 -169 205 13.93643593788147
-255 253 -11 13.936691999435425
-255 253 -11 13.958444118499756
-85 -33 -84 13.980471134185791
-85 -33 -84 14.05403184890747
-82 -21 -101 14.054149150848389
-82 -21 -101 14.0542631149292
-254 22 212 14.073429107666016
-254 22 212 14.096436977386475
243 -209 16 14.168555974960327
243 -209 16 14.168741226196289
-62 -223 185 14.16890287399292
-62 -223 185 14.188419103622437
29 16 210 14.20954704284668
29 16 210 14.278784990310669
250 -227 31 14.278899908065796
250 -227 31 14.27901005744934
-48 -11 -7 14.296419143676758
-48 -11 -7 14.318434000015259
-244 13 246 14.410786151885986
-244 13 246 14.410932064056396
145 -236 26 14.411038875579834
145 -236 26 14.411144971847534
-19 -175 240 14.432505130767822
-19 -175 240 14.50431489944458
-34 -231 204 14.504440069198608
-34 -231 204 14.504554986953735
-34 -32 -29 14.52647614479065
-34 -32 -29 14.548495054244995
-252 36 142 14.620252847671509
-252 36 142 14.620367050170898
-10 -96 -36 14.620484113693237
-27 -40 -33 14.63949704170227
-27 -40 -33 14.661503076553345
-28 -5 -17 14.733039140701294
-28 -5 -17 14.733187198638916
-47 -198 167 14.733299016952515
-47 -198 167 14.752644062042236
-29 -247 244 14.775671005249023
-29 -247 244 14.84676194190979
-243 21 182 14.846915006637573
-243 21 182 14.847020149230957
-8 -256 184 14.86769413948059
-8 -256 184 14.890491962432861
-58 -251 246 14.957864046096802
-58 -251 246 14.957978963851929
-58 -7 -36 14.959666967391968
-58 -7 -36 14.980534076690674
-65 -5 -77 15.00266695022583
-65 -5 -77 15.073225975036621
-131 -12 -63 15.073344945907593
-131 -12 -63 15.073506116867065
-43 -249 206 15.094455003738403
-43 -249 206 15.118661165237427
-11 -10 -21 15.186173915863037
-11 -10 -21 15.186284065246582
-248 236 -40 15.187617063522339
-248 236 -40 15.211663007736206
-126 -45 -84 15.234694004058838
-126 -45 -84 15.303610801696777
-98 -14 -109 15.303726196289062
-98 -14 -109 15.305679082870483
-247 243 -45 15.329633951187134
-247 243 -45 15.353638887405396
-253 118 252 15.419869899749756
-253 118 252 15.419983148574829
-68 -16 -43 15.423655986785889
-68 -16 -43 15.44563603401184
-205 23 238 15.4686598777771
-205 23 238 15.538169145584106
-50 -247 161 15.538290977478027
-50 -247 161 15.53850507736206
-253 55 221 15.560678005218506
-253 55 221 15.583647012710571
-125 -238 140 15.655030965805054
-125 -238 140 15.655150175094604
-68 -26 -13 15.65556001663208
-68 -26 -13 15.678737878799438
-1 -213 249 15.700645208358765
-1 -213 249 15.770778894424438
-191 17 241 15.770889043807983
-191 17 241 15.770994901657104
-19 -245 193 15.792548179626465
-19 -245 193 15.815689086914062
-224 219 -30 15.886742115020752
-224 219 -30 15.886861085891724
-57 -217 232 15.886975049972534
-57 -217 232 15.910489082336426
-27 -199 216 15.934689998626709
-27 -199 216 16.00487995147705
-2 -241 240 16.00499415397644
-2 -241 240 16.005105018615723
-57 -234 202 16.02665400505066
-57 -234 202 16.05068016052246
-41 -225 13 16.1209499835968
-41 -225 13 16.12106490135193
-253 42 201 16.12117600440979
-253 42 201 16.141690969467163
24 30 17 16.16067886352539
24 30 17 16.228575944900513
230 -235 33 16.22868800163269
230 -235 33 16.22879409790039
-36 -209 171 16.249655961990356
-36 -209 171 16.272664070129395
-86 -228 247 16.34012222290039
-86 -228 247 16.340235948562622
-218 3 176 16.341705083847046
-218 3 176 16.36364483833313
-256 57 241 16.385653018951416
-256 57 241 16.451064109802246
-81 -232 130 16.45117998123169
-81 -232 130 16.455639123916626
-23 -2 -100 16.47873091697693
-23 -2 -100 16.501538038253784
-79 -255 196 16.569753170013428
-79 -255 196 16.569864988327026
-228 222 -39 16.572676181793213
-228 222 -39 16.59565496444702
-106 -250 172 16.620764017105103
-106 -250 172 16.691983938217163
253 -195 0 16.692091941833496
253 -195 0 16.692195177078247
-86 -203 182 16.711665868759155
-86 -203 182 16.735675811767578
-63 -208 245 16.80454397201538
-63 -208 245 16.804658889770508
-204 51 213 16.805665969848633
-204 51 213 16.82866406440735
-231 239 -75 16.85166096687317
-231 239 -75 16.92153811454773
-2 -236 146 16.92164897918701
-2 -236 146 16.921754121780396
30 58 9 16.939708948135376
30 58 9 16.957731008529663
-238 53 176 17.030351161956787
-238 53 176 17.030505895614624
-6 -243 254 17.030640125274658
-6 -243 254 17.048712968826294
-21 -48 -91 17.07072114944458
-21 -48 -91 17.141427993774414
-243 20 189 17.14153814315796
-243 20 189 17.141643047332764
-220 7 208 17.16070818901062
-220 7 208 17.181535005569458
-36 -23 -52 17.26981806755066
-36 -23 -52 17.26992702484131
-75 -241 232 17.270036935806274
-75 -241 232 17.27458691596985
-10 -46 -57 17.297659873962402
-10 -46 -57 17.364763975143433
-110 -228 222 17.364882946014404
-110 -228 222 17.36965298652649
-236 221 -17 17.392704963684082
-236 221 -17 17.4167160987854
224 -199 11 17.485125064849854
224 -199 11 17.485238075256348
-42 -14 -83 17.485348224639893
-42 -14 -83 17.506505966186523
-91 -252 225 17.53075098991394
-91 -252 225 17.601632118225098
-31 -234 183 17.60174584388733
-31 -234 183 17.60185694694519
-208 40 214 17.624709129333496
-208 40 214 17.64668607711792
-32 -233 167 17.714761972427368
-32 -233 167 17.714874982833862
-19 -252 229 17.717695951461792
-19 -252 229 17.74168300628662
-233 66 173 17.76469612121582
-233 66 173 17.834010124206543
-104 -65 -104 17.83413004875183
-104 -65 -104 17.836668968200684
-180 254 -37 17.85965585708618
-180 254 -37 17.883493900299072
174 -245 22 17.950497150421143
174 -245 22 17.95060706138611
-120 -23 -54 17.952672004699707
-120 -23 -54 17.975666046142578
-64 -170 223 17.99971294403076
-64 -170 223 18.069890022277832
-19 -250 220 18.07000708580017
-19 -250 220 18.07068395614624
-66 -252 13 18.093667030334473
-66 -252 13 18.115708827972412
-14 -214 242 18.1855149269104
-14 -214 242 18.185632944107056
-248 199 -63 18.186691999435425
-248 199 -63 18.21068501472473
-67 -237 217 18.234668970108032
-67 -237 217 18.301148891448975
-4 -223 249 18.30126118659973
-4 -223 249 18.302711009979248
-40 -200 162 18.32667589187622
-40 -200 162 18.35070490837097
-27 -255 201 18.419793844223022
-27 -255 201 18.41991090774536
-84 -209 194 18.421558141708374
-84 -209 194 18.444689989089966
-224 42 186 18.467710971832275
-224 42 186 18.541078090667725
-256 34 203 18.541187047958374
-256 34 203 18.541293144226074
-66 -235 144 18.558720111846924
-66 -235 144 18.58273196220398
-252 3 219 18.65357494354248
-252 3 219 18.65368390083313
-69 -205 251 18.65380620956421
-69 -205 251 18.67369508743286
-9 -248 152 18.69573402404785
-9 -248 152 18.766419887542725
-52 -209 214 18.766536951065063
-52 -209 214 18.766690969467163
-214 67 232 18.788547039031982
-214 67 232 18.81070590019226
-104 -255 242 18.879782915115356
-104 -255 242 18.879903078079224
-245 8 214 18.881723880767822
-245 8 214 18.903470039367676
-237 245 -14 18.92772102355957
-237 245 -14 18.997983932495117
189 -256 24 18.99809694290161
189 -256 24 18.998202800750732
-86 -3 -43 19.017502069473267
-86 -3 -43 19.039721965789795
-87 -200 225 19.108320951461792
-87 -200 225 19.10844588279724
-253 3 208 19.108617067337036
-253 3 208 19.129681825637817
-26 -9 -45 19.151697874069214
-26 -9 -45 19.221343994140625
-94 -54 -69 19.221461057662964
-94 -54 -69 19.221569061279297
184 -252 5 19.239670038223267
184 -252 5 19.261684894561768
-12 -224 178 19.32908606529236
-12 -224 178 19.32920002937317
25 18 1 19.329288005828857
25 18 1 19.345720052719116
-125 -256 126 19.370736837387085
-125 -256 126 19.440733909606934
-228 241 -53 19.44084882736206
-228 241 -53 19.442705869674683
-23 -34 -34 19.465680837631226
-23 -34 -34 19.48762798309326
-75 -194 214 19.55899691581726
-75 -194 214 19.55911087989807
-57 -8 -38 19.559213161468506
-57 -8 -38 19.57873511314392
-254 238 -5 19.600698232650757
-254 238 -5 19.668307065963745
-53 -3 -42 19.668412923812866
-53 -3 -42 19.668519973754883
247 -246 215 19.690693855285645
247 -246 215 19.713698148727417
-11 -224 242 19.78158211708069
-11 -224 242 19.7816960811615
-128 -245 159 19.785671949386597
-128 -245 159 19.810698986053467
-230 92 224 19.83371114730835
-230 92 224 19.903683185577393
238 -53 -231 19.903801202774048
238 -53 -231 19.903916120529175
-15 -252 247 19.926687955856323
-15 -252 247 19.950700044631958
-82 -234 203 20.019052982330322
-82 -234 203 20.019172191619873
9 58 1 20.019258975982666
9 58 1 20.03269100189209
-137 252 -20 20.056703090667725
-137 252 -20 20.14503812789917
-59 -224 212 20.14515209197998
-59 -224 212 20.145262002944946
-1 -244 201 20.149672031402588
-1 -244 201 20.172693014144897
-253 89 227 20.238303899765015
-253 89 227 20.238413095474243
-31 -240 212 20.24171209335327
-31 -240 212 20.265716075897217
-52 -256 176 20.288763999938965
-52 -256 176 20.358109951019287
-5 -32 -46 20.358216047286987
-5 -32 -46 20.35831904411316
-75 -22 -59 20.378692150115967
-75 -22 -59 20.40069890022278
-229 32 220 20.46872901916504
-229 32 220 20.46883797645569
-14 -221 182 20.469697952270508
-14 -221 182 20.493698120117188
-46 -224 228 20.516618013381958
-46 -224 228 20.58460283279419
-63 -251 195 20.584717988967896
-63 -251 195 20.58757710456848
51 249 -229 20.610558032989502
51 249 -229 20.63374900817871
-19 -235 187 20.704187870025635
-19 -235 187 20.70430588722229
-8 -2 -65 20.70440697669983
-8 -2 -65 20.72173810005188
-226 218 -62 20.74569082260132
-226 218 -62 20.814981937408447
47 11 33 20.815078020095825
47 11 33 20.81517004966736
-32 -165 144 20.831702947616577
-32 -165 144 20.855735063552856
-12 -207 185 20.926990032196045
-12 -207 185 20.927104949951172
-22 -33 -25 20.92722201347351
-22 -33 -25 20.947696208953857
-218 12 239 20.970723152160645
-218 12 239 21.0398211479187
-52 -255 216 21.039937019348145
-52 -255 216 21.040714979171753
-95 -15 -57 21.062703132629395
-95 -15 -57 21.085750102996826
-94 -251 210 21.15544295310974
-94 -251 210 21.155557870864868
-63 -246 248 21.15659499168396
-63 -246 248 21.180739164352417
-247 39 185 21.202579975128174
-247 39 185 21.27745795249939
-11 -3 -34 21.27756690979004
-11 -3 -34 21.27767300605774
-51 -181 82 21.291486978530884
-51 -181 82 21.3136088848114
-15 -18 -16 21.382479190826416
-15 -18 -16 21.382588863372803
154 -251 8 21.382689952850342
154 -251 8 21.402552127838135
-46 -54 -38 21.424697160720825
-46 -54 -38 21.49163007736206
-71 -200 219 21.491744995117188
-71 -200 219 21.494706869125366
-95 -242 195 21.518561124801636
-95 -242 195 21.542762994766235
-94 -9 -29 21.61167311668396
-94 -9 -29 21.611780166625977
-83 -168 163 21.61189103126526
-83 -168 163 21.632735013961792
-5 -225 209 21.65574598312378
-5 -225 209 21.725739002227783
-247 231 -30 21.725854873657227
-247 231 -30 21.725967168807983
12 174 -207 21.74773406982422
12 174 -207 21.770764112472534
-31 -32 -99 21.8416907787323
-31 -32 -99 21.841800928115845
-243 254 -10 21.841912984848022
-243 254 -10 21.862716913223267
45 28 14 21.882740020751953
45 28 14 21.95010209083557
-42 -200 234 21.950217962265015
-42 -200 234 21.95033097267151
-251 97 235 21.971696853637695
-251 97 235 21.994725227355957
-29 -142 -43 22.065765142440796
-29 -142 -43 22.065882205963135
211 -236 16 22.06599187850952
211 -236 16 22.087723970413208
-23 -208 232 22.110725164413452
-23 -208 232 22.17726421356201
-8 -229 240 22.177375078201294
-8 -229 240 22.179545164108276
-231 14 232 22.202780961990356
-231 14 232 22.22472095489502
-89 -14 -35 22.291574954986572
-89 -14 -35 22.291685819625854
-17 -9 -100 22.292581796646118
-17 -9 -100 22.315710067749023
-251 31 218 22.338706016540527
-251 31 218 22.40880012512207
-67 -240 240 22.408915042877197
-67 -240 240 22.40902614593506
-20 -250 231 22.431699991226196
-20 -250 231 22.455724954605103
-6 -24 -42 22.52686095237732
-6 -24 -42 22.526966094970703
34 8 2 22.527050018310547
34 8 2 22.533725023269653
-126 -215 118 22.558712005615234
-126 -215 118 22.62662696838379
-39 -22 169 22.62673783302307
-39 -22 169 22.628642082214355
-190 236 -51 22.65172791481018
-190 236 -51 22.67576503753662
-157 -186 233 22.745887994766235
-157 -186 233 22.746008157730103
-233 56 186 22.74772310256958
-233 56 186 22.769705057144165
-249 9 241 22.791730880737305
-249 9 241 22.86042022705078
-61 -176 195 22.860543966293335
-61 -176 195 22.860656023025513
-235 221 -52 22.884618997573853
-235 221 -52 22.90777087211609
-63 -189 173 22.998149871826172
-63 -189 173 22.99826407432556
160 -248 39 22.99837017059326
160 -248 39 23.000717163085938
-104 -209 174 23.024612188339233
-104 -209 174 23.0936861038208
-42 -215 236 23.09380006790161
-42 -215 236 23.09671902656555
-27 -13 -68 23.119577169418335
-27 -13 -68 23.14260506629944
-36 -48 -56 23.212723970413208
-36 -48 -56 23.21283721923828
-236 58 237 23.212953090667725
-236 58 237 23.232516050338745
-351 -492 193 23.25757908821106
-351 -492 193 23.363143920898438
-472 -470 248 23.363265991210938
-472 -470 248 23.363383054733276
64 11 12 23.363476991653442
64 11 12 23.370721101760864
-92 -217 138 23.439181089401245
-92 -217 138 23.43937110900879
-64 -232 175 23.44160008430481
-64 -232 175 23.464571952819824
-242 48 242 23.487557888031006
-242 48 242 23.56311297416687
-240 38 232 23.563257217407227
-240 38 232 23.56336784362793
501 643 -90 23.57755708694458
501 643 -90 23.600553035736084
13 484 -184 23.678521156311035
13 484 -184 23.678635120391846
-128 225 -25 23.67875099182129
-128 225 -25 23.693539142608643
-116 31 202 23.71553683280945
-116 31 202 23.80068302154541
-226 33 227 23.80091118812561
-226 33 227 23.801086902618408
-167 198 -30 23.807580947875977
-167 198 -30 23.83052396774292
-37 -62 -50 23.907559871673584
-37 -62 -50 23.907712936401367
-14 -206 156 23.907829999923706
-14 -206 156 23.9235258102417
-74 -253 228 23.947545051574707
-74 -253 228 24.018383979797363
-13 -246 241 24.018502950668335
-13 -246 241 24.01861810684204
-69 -243 154 24.041572093963623
-69 -243 154 24.065584182739258
-128 -179 212 24.13582992553711
-128 -179 212 24.135947942733765
-237 26 206 24.137756824493408
-237 26 206 24.15962505340576
-29 -33 -33 24.18255591392517
-29 -33 -33 24.256643056869507
232 -180 39 24.256757974624634
232 -180 39 24.256869077682495
-245 153 -66 24.274530172348022
-245 153 -66 24.297542810440063
-125 -179 249 24.36572289466858
-125 -179 249 24.365843057632446
-167 26 215 24.369719982147217
-167 26 215 24.39258122444153
-226 236 -14 24.415742874145508
-226 236 -14 24.483904123306274
-29 -18 -73 24.48405408859253
-29 -18 -73 24.48455286026001
-249 27 189 24.507572889328003
-249 27 189 24.530580043792725
-1 -240 247 24.649859189987183
-1 -240 247 24.650053024291992
230 -181 5 24.650232076644897
230 -181 5 24.65042781829834
-36 -215 244 24.650634050369263
-36 -215 244 24.801488876342773
-65 -246 181 24.801877975463867
-65 -246 181 24.802175998687744
-11 -38 -52 24.802329063415527
-11 -38 -52 24.80244517326355
-13 -214 150 24.978511810302734
-13 -214 150 24.978632926940918
-43 -16 -54 24.978795051574707
-43 -16 -54 24.978917837142944
-37 -254 184 24.979151010513306
-37 -254 184 25.1072940826416
-87 -225 204 25.107475996017456
-87 -225 204 25.107845783233643
-26 -17 -56 25.108093976974487
-26 -17 -56 25.10823702812195
-32 -175 192 25.19776201248169
-32 -175 192 25.19796895980835
-96 -242 233 25.198149919509888
-96 -242 233 25.198267936706543
-1 -17 -51 25.198394060134888
-1 -17 -51 25.290674924850464
-253 181 -15 25.290868043899536
-253 181 -15 25.291056156158447
-69 -217 189 25.29141879081726
-69 -217 189 25.2916522026062
-245 -172 244 25.391311168670654
-245 -172 244 25.391436100006104
-44 -220 194 25.39164113998413
-44 -220 194 25.391756057739258
-85 -211 211 25.39189600944519
-85 -211 211 25.498181104660034
-222 196 -43 25.498301029205322
-222 196 -43 25.498448848724365
-24 -27 -34 25.49856209754944
-24 -27 -34 25.498672246932983
-13 -41 -22 25.58402109146118
-13 -41 -22 25.58413600921631
-102 -247 208 25.584255933761597
-102 -247 208 25.584376096725464
74 38 6 25.5844669342041
74 38 6 25.654654026031494
-18 -182 217 25.654772996902466
-18 -182 217 25.65488886833191
-32 -51 -58 25.661609888076782
-32 -51 -58 25.683578968048096
-38 -236 242 25.775864124298096
-38 -236 242 25.775978088378906
32 247 -253 25.77608299255371
32 247 -253 25.776762008666992
-213 50 235 25.7987539768219
-213 50 235 25.865890979766846
-218 13 208 25.86600399017334
-218 13 208 25.866654872894287
-233 246 -36 25.89056420326233
-233 246 -36 25.914747953414917
-102 -41 -70 25.984006881713867
-102 -41 -70 25.98413324356079
-20 -215 172 25.985603094100952
-20 -215 172 26.008582830429077
-5 -229 209 26.03167486190796
-5 -229 209 26.14561891555786
-69 -202 173 26.145959854125977
-69 -202 173 26.146180152893066
-39 -3 -55 26.146398067474365
-39 -3 -55 26.14657688140869
-49 -68 -64 26.3955500125885
-49 -68 -64 26.397175073623657
227 -175 40 26.397405862808228
227 -175 40 26.3976309299469
-77 -246 215 26.397823095321655
-77 -246 215 26.555229902267456
-7 -238 198 26.55534601211548
-7 -238 198 26.555474042892456
235 -5 -245 26.55569100379944
235 -5 -245 26.555881023406982
-150 -245 206 26.669342041015625
-150 -245 206 26.669482946395874
-10 -197 166 26.66968607902527
-10 -197 166 26.66979718208313
-238 209 -61 26.669908046722412
-238 209 -61 26.741626024246216
-65 -253 228 26.74174690246582
-65 -253 228 26.741863012313843
-117 -250 193 26.741984128952026
-117 -250 193 26.742103099822998
-207 23 195 26.812368869781494
-207 23 195 26.812483072280884
44 44 21 26.81260895729065
44 44 21 26.812711000442505
-2 -14 -82 26.812815189361572
-2 -14 -82 26.883925914764404
-117 -25 -57 26.884045124053955
-117 -25 -57 26.884159088134766
-221 234 -11 26.884272813796997
-221 234 -11 26.884387016296387
-37 -29 -76 26.95435905456543
-37 -29 -76 26.954575777053833
210 -216 33 26.95471477508545
210 -216 33 26.954827070236206
-16 -10 -28 26.95493721961975
-16 -10 -28 27.024739027023315
20 89 5 27.02483296394348
20 89 5 27.024922847747803
-55 -198 219 27.031556129455566
-55 -198 219 27.055544137954712
-36 -248 197 27.126889944076538
-36 -248 197 27.12700605392456
-8 -38 -51 27.12711000442505
-8 -38 -51 27.145583152770996
-43 -13 -8 27.167543172836304
-43 -13 -8 27.236990928649902
-13 -18 -43 27.237104892730713
-13 -18 -43 27.237213850021362
-256 38 217 27.256579160690308
-256 38 217 27.27955412864685
-16 -197 184 27.345619916915894
-16 -197 184 27.345736026763916
-46 -210 237 27.350625038146973
-46 -210 237 27.37462091445923
-17 -254 180 27.404677867889404
-17 -254 180 27.479642868041992
-39 -253 110 27.479823112487793
-39 -253 110 27.479996919631958
-69 -11 -65 27.49160099029541
-69 -11 -65 27.514562129974365
244 -227 17 27.585642099380493
244 -227 17 27.58575415611267
-92 -239 173 27.58586812019348
-92 -239 173 27.606555938720703
-209 3 -52 27.62856388092041
-209 3 -52 27.699772834777832
-72 -230 175 27.699888229370117
-72 -230 175 27.6999990940094
-218 25 233 27.719587087631226
-218 25 233 27.74263286590576
-10 -27 -55 27.847213983535767
-10 -27 -55 27.847408056259155
-189 3 143 27.847546100616455
-189 3 143 27.84770894050598
-55 -229 165 27.85464906692505
-55 -229 165 27.92443013191223
-49 -10 -91 27.924542903900146
-49 -10 -91 27.924655199050903
-239 48 228 27.94559597969055
-239 48 228 27.968584060668945
6 235 -28 28.040682077407837
6 235 -28 28.04078483581543
-49 -238 212 28.040898084640503
-49 -238 212 28.056642055511475
-46 -216 205 28.080557107925415
-46 -216 205 28.149948835372925
-75 -36 -49 28.15005898475647
-75 -36 -49 28.150163888931274
-51 -180 240 28.173637866973877
-51 -180 240 28.196606874465942
-7 -194 231 28.267800092697144
-7 -194 231 28.267910957336426
230 -194 9 28.268014192581177
230 -194 9 28.285631895065308
-19 -197 210 28.308656930923462
-19 -197 210 28.378762006759644
-249 24 218 28.37887406349182
-249 24 218 28.378981113433838
-87 -216 114 28.401654958724976
-87 -216 114 28.425575017929077
199 -205 16 28.525721073150635
199 -205 16 28.52602195739746
222 -33 -253 28.526325941085815
222 -33 -253 28.52655005455017
-72 -49 -66 28.54057812690735
-72 -49 -66 28.660295963287354
-63 -206 170 28.660413026809692
-63 -206 170 28.66063904762268
-49 -194 169 28.66075587272644
-49 -194 169 28.660869121551514
191 -219 31 28.743422985076904
191 -219 31 28.743550062179565
-65 -248 196 28.743721961975098
-65 -248 196 28.750611066818237
-249 55 249 28.772598028182983
-249 55 249 28.870496034622192
-38 -38 -37 28.870608806610107
-38 -38 -37 28.870718002319336
61 16 12 28.870814085006714
61 16 12 28.879626035690308
15 39 19 28.95901894569397
15 39 19 28.959115982055664
-2 -22 -17 28.959218978881836
-2 -22 -17 28.961555004119873
-24 -237 182 28.985573053359985
-24 -237 182 29.06626605987549
-167 247 -51 29.066385984420776
-167 247 -51 29.06659984588623
-223 18 202 29.079586029052734
-223 18 202 29.101583003997803
-239 252 -136 29.171553134918213
-239 252 -136 29.171711921691895
-26 -240 249 29.174695014953613
-26 -240 249 29.19857096672058
-211 21 198 29.221587896347046
-211 21 198 29.291536808013916
42 21 23 29.29169511795044
42 21 23 29.29181694984436
-47 -222 205 29.306561946868896
-47 -222 205 29.33057689666748
-45 -54 -61 29.40238380432129
-45 -54 -61 29.402501821517944
-61 -256 181 29.402677059173584
-61 -256 181 29.422593116760254
-243 30 187 29.445573091506958
-243 30 187 29.538496017456055
-55 -226 220 29.53863286972046
-55 -226 220 29.53874683380127
-246 2 168 29.538851022720337
-246 2 168 29.55859398841858
-54 231 -82 29.64872407913208
-54 231 -82 29.648838996887207
-227 47 232 29.64896297454834
-227 47 232 29.64908790588379
-111 -203 213 29.673567056655884
-111 -203 213 29.76149606704712
-59 -239 166 29.76162624359131
-59 -239 166 29.761807203292847
-2 -203 185 29.76858401298523
-2 -203 185 29.790580987930298
-43 -216 232 29.875019073486328
-43 -216 232 29.875138998031616
-63 -231 170 29.875269174575806
-63 -231 170 29.885579109191895
231 -215 29 29.908602952957153
231 -215 29 29.981940031051636
-144 -251 218 29.982063055038452
-144 -251 218 29.982181787490845
-17 -41 -47 30.002590894699097
-17 -41 -47 30.025602102279663
-27 -179 194 30.099594116210938
-27 -179 194 30.099710941314697
216 -230 26 30.09981894493103
216 -230 26 30.117568969726562
-53 -177 234 30.141571044921875
-53 -177 234 30.214781999588013
-238 252 -42 30.214951038360596
-238 252 -42 30.215131998062134
29 38 22 30.232578992843628
29 38 22 30.251578092575073
-65 -255 208 30.324726104736328
-65 -255 208 30.324844121932983
-252 218 -80 30.324957847595215
-252 218 -80 30.346587896347046
-62 -240 158 30.369569063186646
-62 -240 158 30.43634295463562
30 237 -219 30.436455965042114
30 237 -219 30.438586950302124
-21 -4 -45 30.46058201789856
-21 -4 -45 30.482572078704834
-17 -12 209 30.555252075195312
-17 -12 209 30.55536198616028
-254 249 -33 30.55547285079956
-254 249 -33 30.574580907821655
-190 104 177 30.598567008972168
-190 104 177 30.668346166610718
214 -233 16 30.668454885482788
214 -233 16 30.66857385635376
-246 215 -38 30.69060516357422
-246 215 -38 30.714689016342163
-39 -17 -38 30.78599190711975
-39 -17 -38 30.78610396385193
-105 -23 -7 30.786213159561157
-105 -23 -7 30.804601192474365
-41 -16 -102 30.828732013702393
-41 -16 -102 30.898559093475342
-105 -4 -45 30.89868402481079
-105 -4 -45 30.898795127868652
-39 -19 -12 30.920587062835693
-39 -19 -12 30.94265389442444
-1 -249 158 31.013010025024414
-1 -249 158 31.013121128082275
-78 -224 191 31.013232946395874
-78 -224 191 31.03557515144348
33 3 0 31.052576065063477
33 3 0 31.122771978378296
13 23 0 31.122863054275513
13 23 0 31.122949838638306
-254 8 240 31.128579139709473
-254 8 240 31.150588989257812
-12 -3 -25 31.22140383720398
-12 -3 -25 31.221508026123047
-234 22 246 31.22165608406067
-234 22 246 31.238781929016113
-7 -19 -43 31.260746002197266
