-252 239 -15 0.10735011100769043
8192 10 0 0.10747194290161133
244 -32 -243 0.10758709907531738
8192 10 0 0.10768890380859375
-219 26 189 0.17622876167297363
8192 10 0 0.17636680603027344
123 66 19 0.17652297019958496
8192 10 0 0.1769568920135498
-175 235 -51 0.20093202590942383
8192 10 0 0.2815999984741211
-18 -177 143 0.28182196617126465
8192 10 0 0.28206396102905273
-37 -223 135 0.288938045501709
8192 10 0 0.3099231719970703
-246 216 -67 0.3934509754180908
8192 10 0 0.39355015754699707
-61 -203 149 0.3936598300933838
8192 10 0 0.39797186851501465
-165 27 221 0.4209280014038086
8192 10 0 0.5461299419403076
-184 238 -41 0.5462479591369629
8192 10 0 0.5463988780975342
-8 -209 166 0.5465490818023682
8192 10 0 0.5466628074645996
-223 491 -65 0.6672210693359375
8192 10 0 0.6673851013183594
-248 1 201 0.6675899028778076
8192 10 0 0.6677210330963135
-174 260 182 0.6679627895355225
8192 10 0 0.7455589771270752
-187 -80 -49 0.7456769943237305
8192 10 0 0.7457778453826904
242 -233 10 0.7458879947662354
8192 10 0 0.7469730377197266
-38 -6 -92 0.8199059963226318
8192 10 0 0.8200089931488037
-28 -23 -7 0.820112943649292
8192 10 0 0.8319289684295654
-110 -49 -106 0.8569700717926025
8192 10 0 0.9610607624053955
-51 -62 -85 0.9611740112304688
8192 10 0 0.9613020420074463
-169 226 -29 0.9615118503570557
8192 10 0 0.9650089740753174
-338 -527 -34 1.078568935394287
8192 10 0 1.0786769390106201
-136 -7 -180 1.078808069229126
8192 10 0 1.0789239406585693
-107 -25 -55 1.0790448188781738
8192 10 0 1.1840150356292725
-95 -188 158 1.1841328144073486
8192 10 0 1.1842379570007324
-161 229 -34 1.1843559741973877
8192 10 0 1.186967134475708
176 228 -243 1.262544870376587
8192 10 0 1.2626559734344482
-252 220 -23 1.2628381252288818
8192 10 0 1.2760059833526611
229 211 -125 1.2999780178070068
8192 10 0 1.4027090072631836
-152 229 -7 1.4028511047363281
8192 10 0 1.4029779434204102
76 23 17 1.4030849933624268
8192 10 0 1.4039700031280518
-117 9 215 1.5050950050354004
8192 10 0 1.5051980018615723
-228 248 -19 1.50534987449646
8192 10 0 1.505450963973999
-80 247 -11 1.5130140781402588
8192 10 0 1.5869410037994385
-115 439 252 1.5870599746704102
8192 10 0 1.5871610641479492
66 1876 284 1.5999579429626465
8192 10 0 1.6209709644317627
-148 7646 221 1.6991169452667236
8192 10 0 1.6992230415344238
-86 21247 751 1.6993889808654785
8192 10 0 1.7119948863983154
240 32563 111 1.7359619140625
8192 10 0 1.8147027492523193
752 32697 -1597 1.8148319721221924
8192 10 0 1.8149299621582031
-1040 32742 -3562 1.832986831665039
8192 10 0 1.8539798259735107
1532 17289 -452 1.9561657905578613
8192 10 0 1.9562718868255615
-178 2812 -32 1.9563970565795898
8192 10 0 1.9566409587860107
-205 -5927 -100 1.9730110168457031
8192 10 0 2.0745229721069336
-71 -9216 155 2.0746450424194336
8192 10 0 2.0747439861297607
-413 -15766 90 2.0748658180236816
8192 10 0 2.084973096847534
1523 -23571 1461 2.1853480339050293
8192 10 0 2.1854500770568848
-464 -32746 210 2.1855759620666504
8192 10 0 2.185673952102661
-464 -32515 -101 2.209022045135498
8192 10 0 2.2797329425811768
-720 -32539 208 2.2798640727996826
8192 10 0 2.2800168991088867
751 576 -198 2.300977945327759
8192 10 0 2.3210151195526123
-94 -59 -15 2.3882429599761963
8192 10 0 2.388347864151001
-218 32 209 2.388458013534546
8192 10 0 2.407978057861328
-1 -72 -53 2.4289989471435547
8192 10 0 2.5351638793945312
-97 236 -5 2.535268783569336
8192 10 0 2.535364866256714
-91 232 -24 2.5354700088500977
8192 10 0 2.5355660915374756
-176 45 235 2.6053168773651123
8192 10 0 2.6054189205169678
-254 245 -37 2.6055309772491455
8192 10 0 2.623088836669922
-31 -55 -52 2.646021842956543
8192 10 0 2.719053030014038
-148 27 224 2.7191648483276367
8192 10 0 2.7192630767822266
-256 208 -39 2.7330141067504883
8192 10 0 2.7539939880371094
48 517 240 2.823637008666992
8192 10 0 2.8237409591674805
-96 -52 -3 2.823848009109497
8192 10 0 2.837993860244751
-64 -154 228 2.8620028495788574
8192 10 0 2.9347357749938965
-632 -1345 -115 2.9348678588867188
8192 10 0 2.934967041015625
206 -24453 192 2.9560129642486572
8192 10 0 2.9760360717773438
304 -32592 221 3.048879861831665
8192 10 0 3.048996925354004
304 -32690 -122 3.0491347312927246
8192 10 0 3.0699987411499023
330 -24219 3840 3.0970120429992676
8192 10 0 3.1708250045776367
-1245 -17653 -700 3.1709680557250977
8192 10 0 3.171099901199341
78 -5927 -155 3.1910409927368164
8192 10 0 3.2120158672332764
-157 772 226 3.2808640003204346
8192 10 0 3.2809700965881348
197 -2783 15 3.2810869216918945
8192 10 0 3.301023006439209
-8 254 -71 3.321998119354248
8192 10 0 3.3947789669036865
410 3489 59 3.3949759006500244
8192 10 0 3.3951611518859863
1313 12509 656 3.4120140075683594
8192 10 0 3.43204402923584
1969 22967 1430 3.5029969215393066
8192 10 0 3.5031020641326904
194 26622 24 3.5032169818878174
8192 10 0 3.5240159034729004
-16 32532 602 3.5490269660949707
8192 10 0 3.621251106262207
-1040 32559 -1789 3.62139892578125
8192 10 0 3.6214988231658936
2146 -11339 -2550 3.648024082183838
8192 10 0 3.6680099964141846
-216 502 -54 3.7387959957122803
8192 10 0 3.738900899887085
-105 -211 145 3.739118814468384
8192 10 0 3.7580270767211914
-104 -238 117 3.782047986984253
8192 10 0 3.854818105697632
-1 -45 -62 3.854930877685547
8192 10 0 3.855030059814453
-2 -208 218 3.8680341243743896
8192 10 0 3.889051914215088
-3 -219 185 3.959597110748291
8192 10 0 3.9597041606903076
207 -24 -235 3.9598259925842285
8192 10 0 3.976040840148926
-13 -214 198 4.000030040740967
-2 -13 -63 4.071662902832031
8192 10 0 4.071765899658203
-243 218 -29 4.071878910064697
8192 10 0 4.08604097366333
-96 -9 238 4.108039855957031
8192 10 0 4.190352916717529
-50 -81 -22 4.190501928329468
8192 10 0 4.190608978271484
62 245 -241 4.194097995758057
8192 10 0 4.215070962905884
70 227 -226 4.298836946487427
8192 10 0 4.298950910568237
-140 14 213 4.299087762832642
8192 10 0 4.301055908203125
77 229 -196 4.324043035507202
8192 10 0 4.409926891326904
-55 -5 -58 4.410063028335571
8192 10 0 4.410224914550781
-20 -6 -72 4.410392999649048
8192 10 0 4.429085969924927
-5 -233 238 4.504479885101318
8192 10 0 4.5045859813690186
41 569 51 4.504690885543823
8192 10 0 4.514052152633667
149 7300 148 4.537071943283081
8192 10 0 4.608584880828857
82 22382 1165 4.608706951141357
8192 10 0 4.608805894851685
-1040 32623 4832 4.631069898605347
8192 10 0 4.652068138122559
-528 32623 475 4.725209951400757
8192 10 0 4.725312948226929
752 32594 302 4.725430965423584
8192 10 0 4.743083953857422
70 32727 44 4.766048908233643
8192 10 0 4.839353799819946
1087 20261 -78 4.83948016166687
8192 10 0 4.839577913284302
76 17479 21 4.856074094772339
8192 10 0 4.876085996627808
5 3322 -217 4.9639129638671875
8192 10 0 4.964017868041992
-214 2332 203 4.964162111282349
8192 10 0 4.965188026428223
-213 -2627 -49 4.9910829067230225
8192 10 0 5.084140062332153
-84 -12622 -36 5.084269046783447
8192 10 0 5.084369897842407
-162 -19556 -77 5.084500074386597
8192 10 0 5.105119943618774
281 -25516 -354 5.176827907562256
8192 10 0 5.176926851272583
1380 -27692 2295 5.180056095123291
8192 10 0 5.201067924499512
1183 -31907 -1845 5.230082988739014
8192 10 0 5.302744150161743
-464 -32756 -562 5.302880048751831
8192 10 0 5.302980184555054
-240 -28712 -108 5.32607102394104
8192 10 0 5.3470659255981445
6504 7285 -837 5.420899152755737
8192 10 0 5.421000957489014
2033 7290 99 5.421156883239746
8192 10 0 5.438059091567993
-294 -996 170 5.462122917175293
8192 10 0 5.534358024597168
242 -248 32 5.534470796585083
8192 10 0 5.534573078155518
57 31 61 5.546092987060547
8192 10 0 5.5661399364471436
-113 -28 -97 5.650818109512329
8192 10 0 5.6509177684783936
-74 -233 231 5.651055812835693
8192 10 0 5.655245065689087
-32 -45 -31 5.6781370639801025
8192 10 0 5.751226902008057
-244 82 172 5.751338005065918
8192 10 0 5.751435995101929
-3 -230 180 5.764103889465332
8192 10 0 5.78511905670166
-27 -200 208 5.855889797210693
8192 10 0 5.8559911251068115
-191 190 -120 5.856110095977783
8192 10 0 5.874083042144775
-180 13 225 5.89711594581604
8192 10 0 5.970011949539185
-64 -81 -45 5.970154047012329
8192 10 0 5.970255136489868
-209 37 211 5.983097076416016
8192 10 0 6.0041258335113525
-245 -3 -84 6.0773398876190186
8192 10 0 6.077441930770874
239 -236 12 6.077550172805786
8192 10 0 6.0912110805511475
-243 41 193 6.1131720542907715
8192 10 0 6.187248945236206
-71 -222 195 6.187366962432861
8192 10 0 6.187464952468872
-268 -946 -83 6.2030861377716064
8192 10 0 6.223099946975708
240 -25065 130 6.298095941543579
8192 10 0 6.2982330322265625
816 -32679 1140 6.298365831375122
8192 10 0 6.317156076431274
-5584 -32585 -8243 6.347123861312866
8192 10 0 6.417362928390503
-2283 -30377 -1133 6.417508840560913
8192 10 0 6.418277978897095
-3045 -28020 -938 6.447145938873291
8192 10 0 6.468113899230957
-2735 -12305 -1277 6.540477991104126
8192 10 0 6.540581941604614
-2018 -4440 -109 6.54613184928894
8192 10 0 6.5660951137542725
510 8250 834 6.590118885040283
8192 10 0 6.663848876953125
631 12209 194 6.66397500038147
8192 10 0 6.6640729904174805
497 18168 243 6.681113004684448
183 24043 45 6.704125881195068
8192 10 0 6.780471086502075
-226 30015 498 6.780599117279053
8192 10 0 6.780700922012329
-205 31750 316 6.797226905822754
8192 10 0 6.818130016326904
-272 32740 132 6.8901588916778564
8192 10 0 6.890264987945557
-272 32556 988 6.890388011932373
8192 10 0 6.910152912139893
1086 3275 985 6.935119152069092
8192 10 0 7.008615970611572
-218 100 240 7.0087339878082275
8192 10 0 7.00883412361145
13 462 -255 7.023126125335693
8192 10 0 7.043129920959473
-77 -225 142 7.114681959152222
8192 10 0 7.114783048629761
-111 -252 225 7.1148998737335205
8192 10 0 7.13313889503479
-57 -232 189 7.157127857208252
8192 10 0 7.228019952774048
-174 214 -17 7.228137016296387
8192 10 0 7.2283031940460205
-28 -176 226 7.245199918746948
8192 10 0 7.266158819198608
-253 220 -75 7.33833384513855
8192 10 0 7.338438987731934
-36 -33 -38 7.338547945022583
8192 10 0 7.353209733963013
190 8 26 7.373144149780273
8192 10 0 7.444247007369995
-101 -211 179 7.444368839263916
8192 10 0 7.444468975067139
-164 28 226 7.4621498584747314
8192 10 0 7.482136964797974
233 574 28 7.555181980133057
8192 10 0 7.55528712272644
232 6141 -180 7.555407762527466
8192 10 0 7.570136070251465
-174 18762 422 7.596198797225952
8192 10 0 7.668814182281494
240 32668 498 7.668936014175415
8192 10 0 7.669034957885742
-784 32705 1770 7.688145875930786
8192 10 0 7.7091851234436035
-7952 32624 -1127 7.779544115066528
8192 10 0 7.7797160148620605
-7259 31168 3236 7.786298990249634
8192 10 0 7.8071558475494385
-252 23613 214 7.832215070724487
8192 10 0 7.921741008758545
331 19846 52 7.921858072280884
8192 10 0 7.921956777572632
-66 3606 140 7.922190189361572
8192 10 0 7.942167043685913
-12 -2666 -69 8.0137619972229
8192 10 0 8.013864040374756
16 -6471 -201 8.0139799118042
8192 10 0 8.032187938690186
-26 -12557 -111 8.05915904045105
8192 10 0 8.130290031433105
255 -13962 -239 8.130510091781616
8192 10 0 8.130631923675537
-25 -32189 -215 8.154165029525757
8192 10 0 8.174150943756104
1195 -30159 -679 8.246876955032349
8192 10 0 8.2469801902771
-464 -32679 -233 8.25118374824524
8192 10 0 8.271161794662476
-464 -32675 -196 8.299180030822754
8192 10 0 8.370561122894287
-464 -32563 -128 8.37069582939148
8192 10 0 8.370795011520386
3491 9712 970 8.393245935440063
8192 10 0 8.413241147994995
-95 -235 121 8.484929084777832
8192 10 0 8.485031843185425
-6 -26 -101 8.485152959823608
8192 10 0 8.501191854476929
215 250 -245 8.525207042694092
8192 10 0 8.598210096359253
87 48 29 8.598308801651001
8192 10 0 8.598406791687012
-230 41 235 8.608195066452026
8192 10 0 8.629212856292725
-33 -27 -66 8.699975967407227
8192 10 0 8.70009183883667
-59 -234 216 8.700217962265015
8192 10 0 8.716175079345703
-158 239 -27 8.74022388458252
8192 10 0 8.832289934158325
-236 252 -66 8.832420825958252
8192 10 0 8.83258605003357
-62 -194 166 8.832802057266235
8192 10 0 8.849209785461426
-205 230 -41 8.94117784500122
8192 10 0 8.9412841796875
-81 -208 214 8.941397905349731
8192 10 0 8.941513061523438
-86 -197 191 8.961199760437012
8192 10 0 9.050099849700928
-23 -241 222 9.050232172012329
8192 10 0 9.050337076187134
-247 11 210 9.05044412612915
8192 10 0 9.070185899734497
-48 -7 -88 9.15605878829956
8192 10 0 9.1561758518219
-12 -240 146 9.1563138961792
8192 10 0 9.156414985656738
-18 -223 204 9.180234909057617
8192 10 0 9.258630990982056
77 24 2 9.258724927902222
8192 10 0 9.258823871612549
-54 -251 208 9.263218879699707
8192 10 0 9.284193992614746
-245 240 -91 9.358841180801392
8192 10 0 9.358943939208984
-6 -246 155 9.359053134918213
8192 10 0 9.37220311164856
-177 254 -27 9.395205974578857
8192 10 0 9.470179080963135
-6 218 -55 9.470293045043945
8192 10 0 9.470391988754272
-30 -38 -29 9.48121690750122
8192 10 0 9.50119400024414
-12 -182 200 9.573737859725952
8192 10 0 9.57384181022644
-99 -243 250 9.573955059051514
8192 10 0 9.590223789215088
-28 -193 246 9.614201068878174
8192 10 0 9.720004081726074
-27 -179 227 9.720132827758789
8192 10 0 9.720244884490967
-204 3 232 9.720351934432983
8192 10 0 9.721244812011719
