8192 10 0 0.13537192344665527
-81 -212 144 0.13557696342468262
8192 10 0 0.13581275939941406
-76 -56 -60 0.1360008716583252
8192 10 0 0.2250957489013672
-66 -39 -2 0.22523188591003418
8192 10 0 0.22670793533325195
-63 -238 201 0.2301008701324463
8192 10 0 0.23040103912353516
-2 -19 -87 0.36775803565979004
8192 10 0 0.3678607940673828
117 235 -229 0.36797475814819336
8192 10 0 0.3680739402770996
-36 -205 191 0.36818671226501465
8192 10 0 0.4527919292449951
-12 -9 -73 0.4528999328613281
8192 10 0 0.4529988765716553
-4 -27 -48 0.45310378074645996
8192 10 0 0.4532029628753662
-193 214 -27 0.5300478935241699
8192 10 0 0.5301508903503418
-235 92 213 0.5302598476409912
8192 10 0 0.530357837677002
-250 24 183 0.5373890399932861
8192 10 0 0.624243974685669
-250 11 212 0.6244337558746338
8192 10 0 0.624600887298584
-99 -27 -61 0.6248157024383545
8192 10 0 0.644453763961792
-8 -11 -45 0.7453229427337646
8192 10 0 0.7454469203948975
-47 -62 -27 0.7455589771270752
8192 10 0 0.7456648349761963
-30 -184 152 0.7534148693084717
8192 10 0 0.8541388511657715
52 21 26 0.8542377948760986
8192 10 0 0.8543369770050049
-106 -7 -26 0.8544449806213379
8192 10 0 0.8574008941650391
-163 -20 -25 0.9516029357910156
8192 10 0 0.9517166614532471
-49 -252 250 0.9518346786499023
8192 10 0 0.9519329071044922
-2 -228 238 0.968437910079956
8192 10 0 1.053210735321045
143 -235 28 1.0533349514007568
8192 10 0 1.0534467697143555
-42 -96 -13 1.0544219017028809
8192 10 0 1.0744268894195557
-30 -15 -38 1.1561667919158936
8192 10 0 1.1562690734863281
-94 -210 204 1.1563827991485596
8192 10 0 1.162491798400879
-248 229 -67 1.1864397525787354
8192 10 0 1.2711749076843262
-245 245 -32 1.2712907791137695
8192 10 0 1.2713909149169922
-138 -255 156 1.2754240036010742
8192 10 0 1.296510934829712
-89 -195 249 1.3921127319335938
8192 10 0 1.392258882522583
-19 -217 232 1.3923919200897217
8192 10 0 1.392503023147583
-35 -203 200 1.4084467887878418
8192 10 0 1.4964048862457275
-49 -247 217 1.496595859527588
8192 10 0 1.4966938495635986
-22 -9 -34 1.4967930316925049
8192 10 0 1.5154197216033936
-118 -223 214 1.5917680263519287
8192 10 0 1.591871976852417
-99 -231 169 1.5919837951660156
8192 10 0 1.6044180393218994
-56 -188 241 1.6284410953521729
8192 10 0 1.7067198753356934
-93 -197 208 1.7068400382995605
8192 10 0 1.7069439888000488
-67 -238 234 1.716444730758667
8192 10 0 1.7374367713928223
-227 30 247 1.8216278553009033
8192 10 0 1.8217320442199707
-161 -231 216 1.8218498229980469
8192 10 0 1.8254430294036865
-65 -198 199 1.8494629859924316
8192 10 0 1.930494785308838
-85 -194 249 1.9306108951568604
-58 -192 251 1.9307239055633545
8192 10 0 1.9374148845672607
-107 -223 171 1.9624569416046143
8192 10 0 2.0418317317962646
-61 -181 183 2.041951894760132
8192 10 0 2.0420567989349365
-94 -21 -53 2.0495059490203857
8192 10 0 2.0704360008239746
-129 -205 3 2.175391912460327
8192 10 0 2.1755666732788086
-214 50 173 2.1756789684295654
8192 10 0 2.1758389472961426
174 -67 -243 2.180410861968994
8192 10 0 2.265448808670044
-44 -51 -38 2.2655680179595947
8192 10 0 2.265667676925659
-40 -12 -25 2.2664318084716797
8192 10 0 2.2874507904052734
-247 0 202 2.36397385597229
8192 10 0 2.3640758991241455
-29 -249 207 2.3641889095306396
8192 10 0 2.3734278678894043
-239 237 -41 2.3974950313568115
8192 10 0 2.484733819961548
182 -6 -235 2.484846830368042
8192 10 0 2.484945774078369
-43 -32 -40 2.485053777694702
8192 10 0 2.5044400691986084
249 -231 14 2.581737995147705
8192 10 0 2.5818397998809814
-130 -253 223 2.5819568634033203
8192 10 0 2.592463731765747
-37 -188 227 2.6164379119873047
8192 10 0 2.693540096282959
-3 -223 220 2.6936519145965576
8192 10 0 2.6937508583068848
-151 -2 -92 2.702450752258301
8192 10 0 2.7234318256378174
-222 4 235 2.800597906112671
8192 10 0 2.800701856613159
-32 -191 151 2.800820827484131
8192 10 0 2.8094489574432373
-43 -252 148 2.8334429264068604
8192 10 0 2.911282777786255
-243 7 242 2.9113919734954834
8192 10 0 2.911494731903076
-256 41 248 2.9184587001800537
8192 10 0 2.939455986022949
-77 -7 -9 3.018150806427002
8192 10 0 3.0182557106018066
-40 -211 207 3.018371820449829
8192 10 0 3.0244438648223877
-2 -224 170 3.047485828399658
8192 10 0 3.1267549991607666
-15 -42 -36 3.126868963241577
8192 10 0 3.126969814300537
-110 -242 205 3.1354548931121826
8192 10 0 3.15645694732666
-124 -203 216 3.233905792236328
8192 10 0 3.2340118885040283
-119 -201 225 3.2341439723968506
8192 10 0 3.2464559078216553
-249 41 191 3.269455671310425
8192 10 0 3.343258857727051
-22 -255 241 3.34344482421875
8192 10 0 3.343547821044922
-69 -201 190 3.357435703277588
8192 10 0 3.378453016281128
-253 34 228 3.4491798877716064
8192 10 0 3.449284791946411
-225 46 221 3.449411630630493
8192 10 0 3.464482069015503
-247 41 224 3.4874539375305176
8192 10 0 3.561424732208252
-16 -203 219 3.561548948287964
8192 10 0 3.561647891998291
218 -201 2 3.573462963104248
8192 10 0 3.594456911087036
237 -254 2 3.6673648357391357
8192 10 0 3.6674699783325195
-66 -208 172 3.667585849761963
8192 10 0 3.680466890335083
-82 -411 -1212 3.7064578533172607
8192 10 0 3.7781789302825928
-289 -694 238 3.7783029079437256
8192 10 0 3.778418779373169
138 36 28 3.792466878890991
8192 10 0 3.8134589195251465
-133 8 235 3.8847768306732178
8192 10 0 3.884880781173706
-62 -193 178 3.8849966526031494
8192 10 0 3.8994479179382324
-147 -194 186 3.924468994140625
8192 10 0 3.996400833129883
-249 51 202 3.9965476989746094
8192 10 0 3.9966518878936768
249 -201 9 4.0094568729400635
8192 10 0 4.029461860656738
2 461 -205 4.102690935134888
8192 10 0 4.102795839309692
0 2421 -1712 4.102910995483398
8192 10 0 4.116483688354492
1653 24886 -1474 4.144459962844849
8192 10 0 4.216868877410889
2945 31895 -1514 4.217005968093872
8192 10 0 4.217108964920044
1008 32532 -183 4.239451885223389
8192 10 0 4.260458946228027
2288 32569 -3622 4.3308188915252686
8192 10 0 4.330920934677124
6367 22103 -2128 4.336491823196411
8192 10 0 4.357472896575928
3121 18307 -520 4.3834757804870605
8192 10 0 4.454669952392578
621 5462 -90 4.454788684844971
8192 10 0 4.454888820648193
-246 1070 229 4.473454713821411
8192 10 0 4.4934539794921875
-220 787 250 4.5676538944244385
8192 10 0 4.567758798599243
-208 -1018 189 4.5678839683532715
8192 10 0 4.584468841552734
-41 -2577 -33 4.608473777770996
8192 10 0 4.683372974395752
-145 -7514 -44 4.683502674102783
8192 10 0 4.683604955673218
-13 -13256 -14 4.70148491859436
8192 10 0 4.722472906112671
1662 -25274 -847 4.795748710632324
8192 10 0 4.795850992202759
816 -32584 -1097 4.798524856567383
8192 10 0 4.818476915359497
48 -32691 -634 4.844467878341675
8192 10 0 4.918346881866455
-2256 -32625 5103 4.918490886688232
8192 10 0 4.918590784072876
-720 -32752 6890 4.942461967468262
8192 10 0 4.962470769882202
1414 1838 26 5.055683851242065
8192 10 0 5.055791854858398
-148 252 -35 5.055913925170898
8192 10 0 5.056025743484497
-136 -143 163 5.075466871261597
8192 10 0 5.1468048095703125
-73 -246 218 5.146972894668579
8192 10 0 5.1470787525177
-65 -250 234 5.16448187828064
8192 10 0 5.1845009326934814
-157 -248 208 5.2594380378723145
8192 10 0 5.259541988372803
-134 -221 154 5.259660005569458
8192 10 0 5.275477886199951
-171 189 205 5.298498868942261
8192 10 0 5.36890172958374
-119 -239 221 5.369021892547607
8192 10 0 5.369118928909302
34 -192 30 5.386478662490845
8192 10 0 5.406468868255615
-226 216 -58 5.483824729919434
8192 10 0 5.483927965164185
-186 -240 148 5.484047889709473
8192 10 0 5.496480941772461
-76 -236 192 5.5194737911224365
8192 10 0 5.5920257568359375
-1294 -3170 629 5.59215784072876
8192 10 0 5.592257976531982
-115 -12529 206 5.614499092102051
8192 10 0 5.634478807449341
304 -32615 -239 5.7106568813323975
8192 10 0 5.710760831832886
816 -32577 372 5.710882902145386
8192 10 0 5.728503942489624
-208 -32587 -573 5.756480932235718
8192 10 0 5.829480886459351
398 -22733 436 5.829647779464722
8192 10 0 5.8297438621521
1260 -19395 357 5.849531888961792
8192 10 0 5.870474815368652
220 -12269 24 5.941557884216309
8192 10 0 5.941661834716797
70 -13106 -94 5.941781997680664
8192 10 0 5.960483074188232
2349 -12438 304 5.98747992515564
8192 10 0 6.060901880264282
3415 -13958 155 6.061035871505737
8192 10 0 6.061136722564697
677 -6640 6 6.077521800994873
8192 10 0 6.098476886749268
-70 4667 244 6.173224925994873
8192 10 0 6.173330783843994
432 11627 113 6.173465728759766
8192 10 0 6.187493801116943
-138 7224 246 6.212479829788208
8192 10 0 6.284639835357666
2062 16002 365 6.2847700119018555
8192 10 0 6.284870862960815
4848 32616 1930 6.305481910705566
8192 10 0 6.32653284072876
-280 32365 -267 6.399370908737183
8192 10 0 6.399513006210327
1520 32626 2130 6.400544881820679
8192 10 0 6.42048192024231
-1296 32578 -1300 6.449527978897095
8192 10 0 6.524077892303467
4752 608 -9281 6.524204969406128
8192 10 0 6.5243048667907715
2694 2043 -3186 6.543489933013916
8192 10 0 6.563482761383057
-163 -167 158 6.639178991317749
8192 10 0 6.639283895492554
-159 40 235 6.639394998550415
8192 10 0 6.652501821517944
-248 232 -20 6.675482749938965
8192 10 0 6.748962879180908
-93 -221 197 6.749092102050781
8192 10 0 6.749223947525024
-62 -63 -20 6.763495922088623
8192 10 0 6.783513069152832
-69 -195 197 6.857219696044922
8192 10 0 6.857322931289673
-58 -204 156 6.85745096206665
8192 10 0 6.8725266456604
-53 -189 249 6.8954949378967285
8192 10 0 6.973769903182983
-199 -25 -42 6.973888874053955
8192 10 0 6.9739909172058105
-53 -2 -7 6.981518745422363
8192 10 0 7.001486778259277
-199 12 232 7.075019836425781
8192 10 0 7.075121879577637
-126 -188 184 7.075239896774292
8192 10 0 7.089488744735718
-23 -9 -53 7.11149001121521
8192 10 0 7.18659782409668
-7 -64 -54 7.186708927154541
8192 10 0 7.186806917190552
-117 -250 136 7.198499917984009
8192 10 0 7.219493865966797
-37 -204 181 7.293102025985718
8192 10 0 7.293203830718994
-88 -153 222 7.2933149337768555
8192 10 0 7.307487964630127
-84 -248 187 7.331482887268066
8192 10 0 7.402435779571533
-34 -201 185 7.402566909790039
8192 10 0 7.402666807174683
-50 -162 168 7.419484853744507
8192 10 0 7.440560817718506
-225 -25 -707 7.514218807220459
8192 10 0 7.514325857162476
-88 -89 -953 7.514477014541626
8192 10 0 7.529509782791138
1403 3061 918 7.554511785507202
8192 10 0 7.6263427734375
2249 -2554 2508 7.626473903656006
8192 10 0 7.626574754714966
13887 2781 -178 7.6495208740234375
8192 10 0 7.669540882110596
32736 -4591 1008 7.743701934814453
8192 10 0 7.7438037395477295
32753 -1325 -3600 7.746496915817261
8192 10 0 7.767512083053589
32609 -5775 -16 7.793497085571289
8192 10 0 7.888676881790161
32676 -14900 3047 7.888818740844727
8192 10 0 7.888917922973633
26804 -4992 -576 7.891495943069458
8192 10 0 7.911494731903076
28999 -8558 -4170 7.984770059585571
8192 10 0 7.984874963760376
25681 -6994 -4797 7.990537881851196
8192 10 0 8.010514736175537
7707 3452 -1446 8.03752088546753
8192 10 0 8.110841035842896
5946 -389 -2425 8.110980749130249
8192 10 0 8.111073970794678
5022 2048 -2425 8.13151478767395
8192 10 0 8.152553796768188
519 441 -982 8.22421383857727
8192 10 0 8.224316835403442
1364 -1144 15 8.224433898925781
8192 10 0 8.241499900817871
-735 233 268 8.265513896942139
8192 10 0 8.338237762451172
-1132 1940 -2566 8.33837103843689
8192 10 0 8.338466882705688
-3911 2108 66 8.358522891998291
8192 10 0 8.379494905471802
-7566 -2112 1272 8.449934720993042
8192 10 0 8.45004391670227
-25452 -785 4786 8.455501079559326
-23566 3971 2869 8.483528852462769
8192 10 0 8.503522872924805
-31713 8925 1443 8.575902938842773
8192 10 0 8.576005697250366
-32544 -183 4096 8.579545736312866
8192 10 0 8.600537776947021
-32642 11236 3072 8.629517078399658
8192 10 0 8.702199935913086
-32584 -4768 6400 8.702343940734863
8192 10 0 8.702443838119507
-7762 2194 1477 8.725528001785278
8192 10 0 8.746514797210693
-10868 -935 1723 8.818501710891724
8192 10 0 8.818605899810791
-2575 -861 3332 8.821531772613525
8192 10 0 8.841508865356445
467 2194 1915 8.866522789001465
8192 10 0 8.941106796264648
-4671 -2047 1525 8.941237926483154
8192 10 0 8.941332817077637
-1090 1024 -1433 8.963541984558105
8192 10 0 8.983546733856201
-37 2360 1034 9.056702852249146
8192 10 0 9.056806802749634
-2010 1199 -190 9.056938886642456
8192 10 0 9.07656979560852
1499 378 -759 9.100563764572144
8192 10 0 9.173456907272339
-2825 1862 1512 9.173624038696289
8192 10 0 9.173726797103882
-9162 -1572 -631 9.196515083312988
8192 10 0 9.216537714004517
-17797 -794 -1329 9.292970895767212
8192 10 0 9.293076992034912
-18327 -2474 719 9.29452109336853
8192 10 0 9.314535856246948
-26675 5681 3038 9.342521667480469
8192 10 0 9.415957927703857
-31625 5667 370 9.416093826293945
8192 10 0 9.416221857070923
-22737 7775 -1217 9.438560009002686
8192 10 0 9.459523677825928
-20492 2179 438 9.533147811889648
-21237 7111 -1884 9.533287763595581
8192 10 0 9.535530805587769
-13589 -713 -287 9.563527822494507
-10816 -1351 2324 9.591524839401245
8192 10 0 9.665657758712769
-7106 -170 4252 9.665785789489746
8192 10 0 9.665881872177124
-4248 -2640 3471 9.687548875808716
8192 10 0 9.708537101745605
-3221 -918 -437 9.780165910720825
8192 10 0 9.780270099639893
-1605 1063 -624 9.782590866088867
8192 10 0 9.802549839019775
777 1574 -226 9.827522993087769
8192 10 0 9.902739763259888
3040 878 -1042 9.902865886688232
8192 10 0 9.902963876724243
12032 -310 -1947 9.921526908874512
8192 10 0 9.942538976669312
14790 -7512 1539 10.015689849853516
8192 10 0 10.015797853469849
16638 7171 -1644 10.018569946289062
8192 10 0 10.038537979125977
27381 -2674 -1644 10.067566871643066
8192 10 0 10.143488883972168
20261 3093 -3135 10.143771886825562
8192 10 0 10.14388394355774
19540 14 135 10.160517692565918
8192 10 0 10.180539846420288
21810 -4501 -773 10.256719827651978
8192 10 0 10.256824016571045
11017 677 6952 10.256946802139282
8192 10 0 10.275569915771484
15613 2102 3034 10.301556825637817
8192 10 0 10.380669832229614
2871 -7159 -316 10.380802869796753
8192 10 0 10.380908966064453
11990 2762 1944 10.396545886993408
8192 10 0 10.417610883712769
3300 -791 -605 10.500387907028198
8192 10 0 10.500509977340698
5542 -1743 -1933 10.50064992904663
8192 10 0 10.511538743972778
1451 7199 2283 10.537547826766968
8192 10 0 10.617766857147217
-1671 -5503 -926 10.61791205406189
8192 10 0 10.618011713027954
-773 -3388 1007 10.632548809051514
8192 10 0 10.653542757034302
-908 -1019 358 10.733388900756836
8192 10 0 10.733634948730469
-532 426 -52 10.733781814575195
8192 10 0 10.74358606338501
-1331 -68 -311 10.769561052322388
8192 10 0 10.866362810134888
188 -155 -509 10.86648964881897
8192 10 0 10.866638660430908
-340 -1214 108 10.866760969161987
8192 10 0 10.881574869155884
156 18 5 10.962193727493286
8192 10 0 10.962297677993774
93 358 45 10.96239686012268
8192 10 0 10.962605953216553
-223 -245 168 10.987567663192749
8192 10 0 11.065701723098755
-224 240 -41 11.06581974029541
8192 10 0 11.065918922424316
-27 -242 253 11.07554578781128
8192 10 0 11.096548080444336
-41 -239 208 11.17640495300293
8192 10 0 11.176507711410522
-57 -225 218 11.176621913909912
8192 10 0 11.184557914733887
-73 -232 157 11.208574771881104
8192 10 0 11.283175945281982
-75 -244 198 11.283291816711426
8192 10 0 11.283389806747437
224 -216 33 11.29555082321167
8192 10 0 11.316569089889526
-40 -20 -131 11.39461874961853
8192 10 0 11.394721031188965
-209 25 243 11.394829034805298
8192 10 0 11.403535842895508
-33 -7 -82 11.425532817840576
8192 10 0 11.498969078063965
-114 -210 144 11.499091863632202
8192 10 0 11.499191999435425
-109 -210 209 11.515578746795654
8192 10 0 11.536574840545654
-88 -207 202 11.608413934707642
8192 10 0 11.60851788520813
-80 -17 -1 11.608677864074707
8192 10 0 11.622556924819946
-42 -203 253 11.646556854248047
8192 10 0 11.719185829162598
-182 248 -24 11.719303846359253
8192 10 0 11.71940302848816
-51 -199 214 11.734562873840332
8192 10 0 11.755543947219849
161 -167 57 11.827459812164307
8192 10 0 11.827606916427612
-165 -171 249 11.82773494720459
8192 10 0 11.843567848205566
-68 -211 206 11.867563962936401
8192 10 0 11.9699068069458
-243 64 195 11.970017910003662
8192 10 0 11.970115661621094
-63 -238 222 11.970225811004639
8192 10 0 11.975560903549194
