8192 10 0 0.14678382873535156
-245 40 234 0.14698290824890137
8192 10 0 0.14718270301818848
-171 246 -44 0.14732074737548828
8192 10 0 0.2247910499572754
-104 -198 219 0.22492170333862305
8192 10 0 0.22502565383911133
-122 -182 194 0.22514581680297852
8192 10 0 0.22524476051330566
-71 -52 -131 0.3071579933166504
8192 10 0 0.3072638511657715
-21 -211 192 0.30738091468811035
8192 10 0 0.3074817657470703
11 195 -255 0.31139302253723145
8192 10 0 0.3887176513671875
-72 -211 171 0.3888387680053711
8192 10 0 0.38893985748291016
-230 43 247 0.39934277534484863
-199 229 -54 0.42235493659973145
8192 10 0 0.4933030605316162
32 224 -248 0.4934518337249756
8192 10 0 0.49355483055114746
-250 278 231 0.5103397369384766
8192 10 0 0.5313296318054199
-22 -251 231 0.6086399555206299
8192 10 0 0.6087439060211182
-193 224 -18 0.6088588237762451
8192 10 0 0.6193559169769287
-65 40 167 0.6413466930389404
8192 10 0 0.7137658596038818
72 78 3 0.7138607501983643
8192 10 0 0.7139708995819092
-209 10 179 0.7234508991241455
8192 10 0 0.7444407939910889
-212 36 219 0.8293228149414062
8192 10 0 0.8294358253479004
-49 -33 -70 0.8295459747314453
8192 10 0 0.8304119110107422
-240 307 225 0.8543899059295654
8192 10 0 0.9280738830566406
-103 312 228 0.928189754486084
8192 10 0 0.9283528327941895
39 4612 96 0.9403808116912842
8192 10 0 0.9613387584686279
52 10687 -99 1.037287950515747
8192 10 0 1.0374269485473633
419 20643 -315 1.037550687789917
8192 10 0 1.0523929595947266
672 32250 -1123 1.0783517360687256
8192 10 0 1.1506519317626953
752 32575 -742 1.1507818698883057
8192 10 0 1.1508820056915283
-272 32643 -2789 1.1733677387237549
8192 10 0 1.1943647861480713
2229 27791 -446 1.2689478397369385
8192 10 0 1.269110918045044
19 19315 133 1.2692887783050537
8192 10 0 1.285388708114624
4 4110 48 1.3063948154449463
8192 10 0 1.378870964050293
-213 -5593 106 1.3789997100830078
8192 10 0 1.3791007995605469
-5 -7773 -136 1.3974289894104004
8192 10 0 1.4183616638183594
-236 -11049 -50 1.4914958477020264
8192 10 0 1.491600751876831
-174 -20621 -54 1.4923739433288574
8192 10 0 1.5133748054504395
307 -30178 -184 1.5393908023834229
8192 10 0 1.6142537593841553
-433 -25676 -27 1.6144928932189941
8192 10 0 1.6145987510681152
-204 -30816 -249 1.6354119777679443
8192 10 0 1.656430721282959
-208 -32651 13 1.745837688446045
8192 10 0 1.745945692062378
-374 -24010 1284 1.746079921722412
8192 10 0 1.7503910064697266
-440 -25316 63 1.7764496803283691
8192 10 0 1.8604910373687744
-44 -491 22 1.8606038093566895
8192 10 0 1.8607029914855957
-197 -223 136 1.865384817123413
8192 10 0 1.8853759765625
-248 35 159 1.962599754333496
8192 10 0 1.9627509117126465
-228 -178 124 1.9628679752349854
8192 10 0 1.9744067192077637
-66 -245 239 1.9973969459533691
8192 10 0 2.07326078414917
-52 -227 245 2.0733959674835205
8192 10 0 2.0735058784484863
-37 -236 223 2.086427927017212
8192 10 0 2.1073830127716064
-190 203 -36 2.198596715927124
8192 10 0 2.1986989974975586
-46 -217 204 2.198812961578369
8192 10 0 2.19891095161438
-182 -202 175 2.2204108238220215
8192 10 0 2.290273904800415
-80 -255 214 2.290391683578491
8192 10 0 2.290541648864746
194 -143 18 2.3074138164520264
8192 10 0 2.3284478187561035
-119 -472 54 2.402761936187744
8192 10 0 2.402866840362549
-474 -2209 -674 2.4029970169067383
8192 10 0 2.4194488525390625
-235 -24516 -1324 2.4484028816223145
8192 10 0 2.520744800567627
-720 -32599 -2680 2.5208897590637207
8192 10 0 2.520993947982788
-1744 -32564 -2332 2.5484306812286377
8192 10 0 2.5694069862365723
1726 -20462 3686 2.6416609287261963
8192 10 0 2.641765832901001
553 -16520 464 2.643411874771118
8192 10 0 2.6634488105773926
197 -7913 26 2.687426805496216
8192 10 0 2.7581629753112793
-141 -4340 204 2.7582876682281494
8192 10 0 2.758500814437866
-30 1832 191 2.778428792953491
8192 10 0 2.798438787460327
220 -2529 1 2.869527816772461
8192 10 0 2.8696320056915283
-157 1072 254 2.8697516918182373
8192 10 0 2.8874387741088867
3236 15795 1476 2.913433790206909
8192 10 0 2.9857490062713623
1640 23423 1171 2.9858827590942383
531 23399 -1081 2.9873998165130615
8192 10 0 3.008410692214966
-459 24428 181 3.034472942352295
8192 10 0 3.1068286895751953
-44 26685 2 3.106942892074585
8192 10 0 3.107042074203491
-105 32348 33 3.1225008964538574
8192 10 0 3.1434078216552734
-528 32704 -1318 3.2127699851989746
8192 10 0 3.2128758430480957
1158 1804 398 3.216425895690918
8192 10 0 3.237431049346924
-10 -153 436 3.260438919067383
8192 10 0 3.33508563041687
-229 54 214 3.3352010250091553
8192 10 0 3.3353018760681152
-85 -246 212 3.3484158515930176
8192 10 0 3.368436813354492
-4 -93 -53 3.4377379417419434
8192 10 0 3.437842845916748
-30 -160 245 3.4379608631134033
8192 10 0 3.4554219245910645
-248 248 -25 3.4784157276153564
8192 10 0 3.555513858795166
-209 10 226 3.555661678314209
8192 10 0 3.555853843688965
-239 242 -67 3.566431999206543
8192 10 0 3.586446762084961
-36 -194 202 3.676788806915283
8192 10 0 3.6768927574157715
-107 -193 182 3.6770150661468506
8192 10 0 3.677154779434204
-241 38 206 3.6994407176971436
8192 10 0 3.7781848907470703
-102 -255 22 3.7783050537109375
8192 10 0 3.778406858444214
-108 -233 247 3.788447856903076
8192 10 0 3.809440851211548
-68 -186 183 3.8862228393554688
8192 10 0 3.8863277435302734
168 -227 20 3.886488676071167
8192 10 0 3.896451711654663
-28 -15 -54 3.9194397926330566
8192 10 0 4.018156051635742
-11 -253 223 4.018274784088135
8192 10 0 4.018374919891357
-32 -227 218 4.018575668334961
8192 10 0 4.028474807739258
39 104 159 4.1218907833099365
8192 10 0 4.12199592590332
-125 -17 -43 4.122112989425659
8192 10 0 4.122213840484619
-237 249 -11 4.138465881347656
8192 10 0 4.216521978378296
33 20 4 4.216616868972778
8192 10 0 4.216716051101685
-21 -223 219 4.221449851989746
8192 10 0 4.242469787597656
-80 -2 -17 4.316413879394531
8192 10 0 4.316555023193359
-91 -203 194 4.316670894622803
-39 -206 184 4.332467794418335
8192 10 0 4.352445840835571
-213 44 218 4.4222636222839355
8192 10 0 4.422367811203003
245 -256 6 4.422516822814941
8192 10 0 4.438464879989624
-68 -180 164 4.461458921432495
8192 10 0 4.534875869750977
-3 -219 250 4.534994840621948
8192 10 0 4.5350987911224365
-77 -158 190 4.54947304725647
8192 10 0 4.570466041564941
-66 -203 239 4.642446756362915
8192 10 0 4.642558813095093
-245 232 -38 4.64267373085022
8192 10 0 4.6585118770599365
-31 -256 201 4.682467699050903
8192 10 0 4.7546868324279785
-49 -242 210 4.754806995391846
8192 10 0 4.7549097537994385
-37 -209 169 4.770468711853027
8192 10 0 4.791472911834717
